%YAML:1.0
---
CameraMatrix: !!opencv-matrix
   rows: 3
   cols: 3
   dt: d
   data: [ 6.0943311002877090e+02, 0., 3.0206070725766972e+02, 0.,
       6.1376204153570779e+02, 2.5197477488676057e+02, 0., 0., 1. ]
DistCoeffs: !!opencv-matrix
   rows: 1
   cols: 5
   dt: d
   data: [ -1.2041741468654241e-01, 8.3013223030872285e-01,
       3.3427846481677037e-03, -3.0158541107195313e-03,
       -1.4438821605362901e+00 ]
