%YAML:1.0
---
Configurations:
   -
      ID: "7e847001-96e8-4e9a-964b-202cf0c59937"
      Name: "1234"
      Type: big
      Date: "13-01-2025"
      MarkerIds:
         - 4
         - 3
         - 2
         - 1
      RelativePoints:
         Marker_1: [ 8.9783691406250000e+01, 5.4486225128173828e+01,
             2.3187162876129150e+00 ]
         Marker_2: [ -2.2488967895507812e+01, -5.7064990997314453e+01,
             -1.3816946744918823e+00 ]
         Marker_3: [ -2.1971662521362305e+01, 1.6554795837402344e+02,
             -2.3724350929260254e+00 ]
         Marker_4: [ -1.3413687133789062e+02, 5.3680397033691406e+01,
             3.9290390014648438e+00 ]
