%YAML:1.0
---
CameraMatrix: !!opencv-matrix
   rows: 3
   cols: 3
   dt: d
   data: [ 4.2811429370515810e+02, 0., 3.3276786580388148e+02, 0.,
       4.3200551503059677e+02, 2.5155425058713567e+02, 0., 0., 1. ]
DistCoeffs: !!opencv-matrix
   rows: 1
   cols: 5
   dt: d
   data: [ 1.3277474466793698e-01, -1.2257727728101118e-01,
       1.4983519840940714e-03, 4.7948752447214075e-04,
       4.9237338878094429e-02 ]
