%YAML:1.0
---
Configurations:
   -
      ID: "2128327c-ced9-4914-8630-9f6d4817c5ab"
      Name: "0123"
      Type: Type A
      Date: "07-10-2024"
      MarkerIds:
         - 0
         - 1
         - 3
         - 2
      RelativePoints:
         Marker_0: [ 3.5760433197021484e+01, -3.2775844573974609e+01,
             2.8669670224189758e-01 ]
         Marker_1: [ -3.0341701507568359e+01, -3.2751888275146484e+01,
             1.0009114742279053e+00 ]
         Marker_2: [ -3.0808589935302734e+01, 3.3792270660400391e+01,
             1.7128803730010986e+00 ]
         Marker_3: [ 3.5804573059082031e+01, 3.4116615295410156e+01,
             7.0797675848007202e-01 ]
   -
      ID: b91d5136-835f-4a1a-b813-8e05dc64b5bc
      Name: "4567"
      Type: Type D
      Date: "07-10-2024"
      MarkerIds:
         - 6
         - 4
         - 7
         - 5
      RelativePoints:
         Marker_4: [ 8.0913444519042969e+01, -3.3244026184082031e+01,
             -4.0087889879941940e-02 ]
         Marker_5: [ 1.4022471427917480e+01, -3.2207309722900391e+01,
             -2.2361936569213867e+00 ]
         Marker_6: [ 8.0352416992187500e+01, 3.5449817657470703e+01,
             -2.2080764174461365e-01 ]
         Marker_7: [ 1.3078120231628418e+01, 3.3956443786621094e+01,
             -9.6917921304702759e-01 ]
